InAsSb Webster (JAP,v118p245706y2015)	
um		
nk		
1.539454735	3.4718	0.39702
1.541291702	3.6086	0.28793
1.544959569	3.4667	0.40586
1.546809705	3.4256	0.47276
1.548664277	3.4445	0.44119
1.55236736	3.4908	0.46676
1.554235291	3.5737	0.44586
1.556088195	3.6297	0.42083
1.559846531	3.5731	0.44249
1.561712846	3.5872	0.43439
1.563603349	3.5885	0.42909
1.567378307	3.5598	0.44064
1.569282559	3.584	0.423
1.571191445	3.6179	0.39968
1.573085023	3.6054	0.40486
1.576926012	3.535	0.43979
1.578833446	3.5211	0.4615
1.580765651	3.5234	0.46789
1.584624035	3.5334	0.46184
1.586570449	3.5405	0.43618
1.58852165	3.5268	0.43199
1.592418035	3.4982	0.4436
1.594383655	3.5093	0.43955
1.596333582	3.5089	0.44846
1.598308886	3.5061	0.45886
1.602253492	3.5236	0.49713
1.604243483	3.5342	0.49828
1.606238423	3.5482	0.49052
1.608217473	3.5693	0.47355
1.612232161	3.6073	0.48355
1.614226018	3.584	0.49522
1.616245878	3.5847	0.49655
1.618270799	3.586	0.49412
1.622314677	3.5977	0.46483
1.624354843	3.6	0.46122
1.626378815	3.6088	0.45273
1.628429222	3.6235	0.43813
1.630484806	3.6253	0.43186
1.634590034	3.6519	0.42168
1.636639609	3.6118	0.43762
1.638715987	3.5956	0.47098
1.640797639	3.5853	0.49029
1.644955029	3.612	0.5013
1.647052573	3.6472	0.4951
1.64913354	3.6469	0.47085
1.65124176	3.6372	0.46515
1.653355378	3.6336	0.46055
1.655452312	3.634	0.46093
1.659706607	3.6576	0.45033
1.661819693	3.6426	0.4577
1.663960494	3.6334	0.47063
1.666106819	3.6242	0.46976
1.668236244	3.617	0.464
1.67039362	3.6286	0.46272
1.674702538	3.6538	0.45892
1.676876682	3.6525	0.44878
1.679056479	3.6401	0.44603
1.681219155	3.6221	0.45134
1.683410263	3.615	0.45727
1.68560709	3.626	0.46432
1.689994957	3.6606	0.46806
1.692209015	3.6496	0.45463
1.694405728	3.6495	0.44779
1.696631366	3.6643	0.4516
1.698862858	3.6726	0.44082
1.701076891	3.6667	0.42831
1.703320101	3.6725	0.41695
1.705569234	3.683	0.41209
1.707800793	3.691	0.4193
1.712328767	3.6962	0.44923
1.714578062	3.686	0.44559
1.716857044	3.682	0.42996
1.719142093	3.68	0.41631
1.721409334	3.6799	0.41259
1.723706525	3.6876	0.40899
1.726009855	3.6863	0.40304
1.72829526	3.6756	0.40433
1.730610878	3.6636	0.39952
1.732932709	3.6623	0.38795
1.735236496	3.6674	0.3774
1.739911321	3.6787	0.37015
1.742233712	3.6911	0.37886
1.744586857	3.6801	0.3857
1.746946366	3.662	0.38642
1.749287589	3.653	0.38816
1.751659839	3.6471	0.38541
1.754038532	3.6459	0.38177
1.756398816	3.6533	0.37479
1.758790406	3.6713	0.3628
1.761188518	3.6768	0.35889
1.763568096	3.6779	0.35772
1.765979264	3.6766	0.36027
1.768397034	3.6745	0.36121
1.770796144	3.6706	0.36076
1.77322713	3.672	0.35615
1.7756648	3.6705	0.35205
1.778083685	3.6623	0.35031
1.780534735	3.6576	0.35089
1.782992552	3.6583	0.35173
1.785431455	3.6596	0.35051
1.787902819	3.6665	0.34994
1.790381034	3.6715	0.34885
1.792840206	3.6683	0.35057
1.795332136	3.6618	0.35338
1.797831004	3.6627	0.35699
1.800310699	3.6582	0.35459
1.802823454	3.6553	0.35241
1.80531695	3.6605	0.34847
1.807843709	3.6732	0.34268
1.810377551	3.6726	0.34095
1.812892001	3.669	0.33699
1.815440025	3.6679	0.3356
1.81799522	3.6618	0.33873
1.82053089	3.6673	0.3416
1.823100447	3.6678	0.33415
1.825677267	3.6656	0.32424
1.828234427	3.6624	0.32218
1.830825791	3.6568	0.32437
1.833424512	3.6586	0.32639
1.836003435	3.6561	0.32331
1.838616886	3.6566	0.32201
1.841237787	3.6587	0.32332
1.843838753	3.6597	0.32199
1.846474574	3.6578	0.31742
1.849117941	3.6595	0.31725
1.851741234	3.6623	0.31418
1.854399713	3.6653	0.31037
1.857065836	3.6658	0.30959
1.859711745	3.6611	0.31047
1.862393175	3.6538	0.30527
1.865082349	3.6525	0.30496
1.867751167	3.6574	0.30541
1.870455848	3.6576	0.30609
1.873168374	3.6558	0.30516
1.8758604	3.6499	0.30486
1.878588635	3.6525	0.30266
1.881324817	3.6559	0.29839
1.884040355	3.6566	0.29497
1.886792453	3.6525	0.29416
1.889552603	3.6488	0.29718
1.892291962	3.6513	0.29725
1.895068238	3.6585	0.29526
1.897852672	3.659	0.29181
1.900616167	3.6587	0.29067
1.90341694	3.6561	0.29089
1.90622598	3.6524	0.29204
1.909013933	3.6519	0.29322
1.911839529	3.6526	0.29195
1.914673502	3.6495	0.28927
1.917486237	3.649	0.28817
1.920336988	3.6508	0.2882
1.923196228	3.6519	0.28645
1.926034078	3.65	0.28319
1.928910321	3.6479	0.28264
1.931795167	3.6432	0.28347
1.93465847	3.6458	0.28281
1.937560549	3.6467	0.2807
1.940471347	3.6459	0.28016
1.943360446	3.6428	0.28025
1.94628871	3.6389	0.27962
1.949225812	3.6398	0.27806
1.952141058	3.6451	0.27764
1.955095863	3.6459	0.27727
1.958059626	3.6448	0.27529
1.961001376	3.6426	0.27286
1.963983084	3.6423	0.27094
1.966973874	3.6436	0.26966
1.96994249	3.6424	0.26797
1.972951472	3.6412	0.27127
1.975969659	3.6402	0.2726
1.978965512	3.6389	0.26976
1.982002142	3.6398	0.26791
1.985048105	3.6467	0.26772
1.988071571	3.6483	0.26674
1.991136232	3.6436	0.26318
1.994210357	3.6403	0.26197
1.997261818	3.6391	0.26214
2.000354902	3.6378	0.26133
2.00345758	3.6383	0.26046
2.006537428	3.639	0.26044
2.00965933	3.6398	0.25993
2.012790962	3.6436	0.26194
2.015899595	3.6425	0.26155
2.019050721	3.6401	0.25849
2.022178735	3.6399	0.25702
2.025349536	3.6394	0.25703
2.028530297	3.6372	0.25641
2.031687775	3.6382	0.25592
2.034888491	3.6403	0.25595
2.038099308	3.6386	0.25609
2.041286669	3.6371	0.25434
2.044517725	3.6366	0.25247
2.047759025	3.6345	0.24903
2.050976695	3.636	0.24751
2.054238524	3.6351	0.24678
2.057510744	3.6334	0.24583
2.060759157	3.6354	0.24535
2.064052201	3.6385	0.24555
2.067355785	3.6362	0.24524
2.070635384	3.6309	0.24468
2.073960093	3.6313	0.24606
2.077295495	3.632	0.24695
2.080606732	3.6299	0.2448
2.083963564	3.6297	0.24328
2.087331246	3.6299	0.24147
2.09067458	3.6301	0.23879
2.094064004	3.6306	0.23733
2.097464436	3.6308	0.23707
2.100840336	3.6298	0.23708
2.104262829	3.6271	0.23664
2.107696492	3.6244	0.23509
2.111105436	3.6261	0.23466
2.114561484	3.6283	0.23398
2.118028867	3.627	0.23343
2.121471343	3.6258	0.23259
2.124961442	3.6224	0.23226
2.128463044	3.6215	0.23308
2.131939549	3.6223	0.23223
2.135464205	3.621	0.22973
2.139000535	3.6192	0.22891
2.142511576	3.6203	0.22872
2.146071305	3.6202	0.22762
2.149642882	3.6196	0.22681
2.153188977	3.6191	0.22652
2.156784304	3.6198	0.22699
2.160391658	3.6197	0.22622
2.163973334	3.6195	0.22608
2.167604797	3.614	0.22433
2.171248468	3.6133	0.22454
2.174866263	3.6141	0.22495
2.178534409	3.6135	0.22212
2.182214948	3.6131	0.22023
2.185869412	3.6129	0.22021
2.189574799	3.6126	0.22082
2.193292769	3.613	0.22175
2.196984462	3.6122	0.2206
2.20072766	3.6112	0.21762
2.204483635	3.6078	0.21558
2.208213128	3.606	0.21608
2.21199472	3.6049	0.21809
2.215789286	3.6063	0.21828
2.219557163	3.608	0.21721
2.223377741	3.6064	0.21641
2.227211495	3.6034	0.21568
2.231018352	3.6017	0.21472
2.234878524	3.6017	0.2148
2.238752076	3.603	0.21397
2.242598521	3.6028	0.21264
2.246498904	3.6009	0.21233
2.250412878	3.5992	0.21135
2.254299531	3.5996	0.21079
2.258240758	3.5994	0.21048
2.262195789	3.5977	0.21011
2.266123284	3.5953	0.21002
2.270105999	3.5962	0.21172
2.274102738	3.594	0.21007
2.278071723	3.5922	0.20881
2.282096584	3.5931	0.20876
2.286135693	3.5936	0.20993
2.290146828	3.5946	0.20981
2.294214509	3.5941	0.20869
2.298254068	3.5943	0.20821
2.302350626	3.5917	0.20853
2.306461813	3.5888	0.20878
2.310544655	3.5872	0.20856
2.314685184	3.5871	0.2084
2.31884058	3.5873	0.2078
2.322967404	3.589	0.20778
2.327152616	3.5893	0.20821
2.331352937	3.5871	0.20762
2.335524457	3.5841	0.20803
2.33975508	3.5836	0.21001
2.344001059	3.5831	0.20632
2.348218006	3.5828	0.20573
2.352494783	3.5839	0.20794
2.356787167	3.5814	0.20762
2.361050287	3.5793	0.20676
2.365373977	3.5783	0.20613
2.369713532	3.5776	0.20652
2.374023587	3.5785	0.20726
2.378394967	3.5778	0.20766
2.382782475	3.5758	0.20892
2.387140244	3.575	0.2087
2.391560107	3.5746	0.20853
2.395996367	3.5722	0.20726
2.400402648	3.5721	0.20525
2.404871805	3.5715	0.20415
2.409357634	3.5698	0.2047
2.413813241	3.569	0.2059
2.418332521	3.5696	0.20734
2.422868755	3.5706	0.20819
2.42737452	3.5691	0.20799
2.431944771	3.5679	0.20704
2.436532264	3.5677	0.20718
2.441089041	3.5665	0.20912
2.44571113	3.5643	0.20909
2.450350756	3.5618	0.20729
2.454959414	3.5611	0.2081
2.459634229	3.5613	0.20832
2.464326881	3.5623	0.20818
2.468988312	3.5636	0.20815
2.473716759	3.5637	0.20749
2.478463353	3.5644	0.20836
2.483178468	3.5645	0.20892
2.487961477	3.5639	0.20993
2.492762946	3.5611	0.21032
2.497532679	3.5619	0.20909
2.502371199	3.5599	0.20708
2.507228502	3.5608	0.2066
2.512053807	3.5595	0.20681
2.516948809	3.5602	0.20895
2.521862925	3.5609	0.21184
2.526744778	3.56	0.21143
2.531697258	3.5595	0.21031
2.53666919	3.5579	0.21036
2.541608592	3.5601	0.21105
2.546619568	3.5588	0.21273
2.551650342	3.557	0.21184
2.556648317	3.5551	0.21126
2.561718831	3.5541	0.21085
2.566809497	3.5574	0.21319
2.571867093	3.5589	0.21454
2.576998213	3.5572	0.21422
2.582149848	3.5568	0.21316
2.587268137	3.556	0.21151
2.592460956	3.5566	0.21098
2.597674662	3.5588	0.2119
2.602854744	3.5567	0.21093
2.608110382	3.5553	0.20887
2.613387287	3.5556	0.21095
2.618630287	3.5562	0.21388
2.623949891	3.5562	0.21453
2.629291152	3.5556	0.2158
2.634598224	3.5547	0.21612
2.639982968	3.5523	0.2142
2.645333333	3.5514	0.21408
2.650762094	3.5496	0.21365
2.656213183	3.5505	0.2131
2.661629604	3.5518	0.21452
2.667125527	3.5582	0.21688
2.672644193	3.5587	0.2172
2.678127902	3.5525	0.21357
2.683692241	3.5561	0.21107
2.68927975	3.5537	0.21254
2.694832008	3.5545	0.21154
2.700466048	3.5532	0.21073
2.706123696	3.5534	0.21257
2.711745796	3.5564	0.21286
2.717450856	3.5542	0.21338
2.723179971	3.5492	0.21045
2.728873239	3.5499	0.20962
2.73465067	3.5512	0.21133
2.740452617	3.5494	0.21161
2.746218413	3.548	0.21111
2.752069601	3.5466	0.21073
2.757945775	3.5491	0.21181
2.763785495	3.5477	0.21054
2.769711861	3.544	0.20657
2.775663697	3.5453	0.20081
2.78157877	3.5425	0.20921
2.787581773	3.5455	0.21061
2.793610742	3.5443	0.20926
2.799602637	3.5392	0.20777
2.805683772	3.5369	0.20599
2.811791383	3.537	0.20598
2.817861607	3.5331	0.21359
2.82402241	3.5297	0.2159
2.830210212	3.5267	0.2121
2.836360309	3.5203	0.21396
2.842602357	3.5264	0.21423
2.848871939	3.5271	0.2141
2.855103498	3.5206	0.21851
2.861428407	3.5258	0.21699
2.867781401	3.5249	0.22085
2.87409605	3.5253	0.22272
2.880505482	3.519	0.21983
2.886943565	3.5128	0.22351
2.893342978	3.514	0.2242
2.899838638	3.5149	0.22539
2.90636353	3.5122	0.23046
2.912849424	3.51	0.23297
2.919433065	3.5067	0.23912
2.926046534	3.5075	0.2358
2.932620675	3.5063	0.23802
2.939294095	3.5094	0.24015
2.945997957	3.5092	0.24414
2.952662158	3.5036	0.24489
2.959427208	3.4995	0.24907
2.966223328	3.4989	0.24731
2.972979453	3.5012	0.24448
2.979838031	3.5078	0.24689
2.986728328	3.5086	0.2536
2.993578292	3.5072	0.25622
3.000532353	3.5066	0.26135
3.007518797	3.5062	0.26712
3.014464568	3.5043	0.2748
3.021516119	3.5092	0.27494
3.028600738	3.5085	0.27157
3.03564434	3.5077	0.27019
3.042795446	3.5123	0.27971
3.049980323	3.5149	0.28314
3.057123838	3.5166	0.28609
3.064376622	3.5181	0.28723
3.071663901	3.52	0.28505
3.07890947	3.5204	0.28905
3.086266116	3.5241	0.29236
3.093658001	3.5278	0.29492
3.101007828	3.5287	0.29793
3.108470582	3.5285	0.29744
3.115969343	3.5312	0.30196
3.123425693	3.5322	0.30573
3.130996869	3.5311	0.30785
3.138525399	3.5371	0.31021
3.146170045	3.54	0.31033
3.153852023	3.5411	0.31128
3.161491	3.5429	0.3144
3.16924807	3.545	0.31532
3.1770433	3.5476	0.31285
3.184795171	3.5498	0.31318
3.192667164	3.5544	0.31742
3.200578169	3.5582	0.31802
3.208445456	3.5609	0.32076
3.216434945	3.5625	0.32061
3.224464323	3.565	0.32277
3.232449623	3.5702	0.3248
3.240559258	3.5736	0.32658
3.248709686	3.5743	0.3276
3.256815675	3.5757	0.3283
3.265048186	3.5782	0.32525
3.273322422	3.5831	0.32369
3.281551856	3.5868	0.32761
3.289910058	3.589	0.33245
3.298310946	3.5913	0.33305
3.306666667	3.595	0.33303
3.31515346	3.5991	0.33347
3.323683928	3.6013	0.33243
3.332168866	3.6029	0.33059
3.34078724	3.6085	0.32888
3.349450312	3.6129	0.32869
3.358067486	3.6171	0.3266
3.366820527	3.6228	0.33064
3.375619317	3.6254	0.33441
3.384371844	3.626	0.33463
3.393262732	3.6286	0.3336
3.402200455	3.6321	0.33352
3.411091549	3.637	0.33564
3.420123566	3.6429	0.33628
3.42920354	3.6482	0.33471
3.438236517	3.6516	0.33248
3.44741305	3.6546	0.33106
3.456638698	3.6585	0.33012
3.465816983	3.6616	0.32948
3.475141528	3.6665	0.32707
3.484516383	3.6706	0.32526
3.49384351	3.6724	0.32482
3.503319678	3.6764	0.32475
3.512847389	3.6819	0.32187
3.522327008	3.6863	0.31822
3.531958528	3.6901	0.31515
3.541642865	3.6945	0.31411
3.551278747	3.6968	0.31235
3.56106947	3.7007	0.30991
3.570914327	3.7062	0.30794
3.580710367	3.71	0.3057
3.590664273	3.7133	0.30385
3.600673674	3.7177	0.30139
3.610633899	3.7214	0.29765
3.620755103	3.7236	0.29397
3.630933208	3.7253	0.29109
3.641061781	3.7262	0.28737
3.651354535	3.7297	0.28316
3.661705646	3.7337	0.2797
3.67200687	3.7351	0.27598
3.682475574	3.738	0.27103
3.69300414	3.7446	0.26753
3.703482468	3.7478	0.26364
3.714131672	3.7478	0.25872
3.724842295	3.7496	0.25524
3.735502335	3.7504	0.25205
3.746336747	3.7518	0.24734
3.757234191	3.7542	0.24263
3.76808071	3.7554	0.2394
3.779105205	3.7577	0.23551
3.7901944	3.7599	0.22986
3.801232335	3.7604	0.22363
3.81245196	3.76	0.21869
3.823738012	3.7611	0.21515
3.834972475	3.762	0.21066
3.846392456	3.7601	0.20645
3.857760632	3.7593	0.202
3.869316941	3.7611	0.19623
3.880942693	3.7615	0.19149
3.892516323	3.7603	0.18656
3.904282116	3.7606	0.1826
3.916119252	3.7605	0.18
3.927903956	3.7588	0.1766
3.939884981	3.7574	0.17385
3.951939319	3.7567	0.17081
3.963940924	3.7555	0.16723
3.976143141	3.755	0.16404
3.988420714	3.7552	0.16155
4.000645265	3.7538	0.15921
4.013074857	3.7507	0.15595
4.025581924	3.7488	0.15259
4.038035691	3.7488	0.15056
4.050699072	3.7487	0.14867
4.063442129	3.7475	0.14665
4.07613162	3.746	0.14486
4.089035449	3.7455	0.14231
4.102021238	3.7445	0.13928
4.114953209	3.7431	0.137
4.128104401	3.7424	0.1359
4.141339924	3.7419	0.1342
4.154521392	3.7418	0.13205
4.167927128	3.7412	0.13071
4.181419659	3.7401	0.12919
4.194857916	3.7394	0.12693
4.208525658	3.7394	0.12371
4.222282757	3.7408	0.11945
4.235985379	3.7409	0.11656
4.249922884	3.7396	0.11593
4.263952409	3.7393	0.11508
4.277927275	3.7392	0.11268
4.29214261	3.7391	0.1104
4.306452733	3.7391	0.10911
4.320708039	3.7394	0.10852
4.335209593	3.74	0.10743
4.349808819	3.7401	0.10499
4.36435309	3.7401	0.10237
4.379149597	3.7407	0.099867
4.394046775	3.7407	0.097518
4.408888889	3.7398	0.094567
4.42398944	3.7395	0.091361
4.439193785	3.7391	0.088123
4.454342984	3.7385	0.085036
4.469757047	3.738	0.081652
4.48527816	3.737	0.077543
4.500744075	3.736	0.073463
4.516481515	3.7349	0.069549
4.532329398	3.7333	0.066353
4.548122066	3.731	0.063647
4.564193168	3.7283	0.060922
4.580378251	3.726	0.058546
4.596508137	3.7238	0.056357
4.612923626	3.7207	0.054055
4.629456786	3.7179	0.051922
4.645934807	3.7157	0.049872
4.662705874	3.7134	0.048213
4.67959846	3.711	0.04753
4.696436011	3.7087	0.04666
4.713574334	3.7062	0.045232
4.730838198	3.7038	0.044194
4.748047174	3.7016	0.043462
4.76556495	3.6998	0.042864
4.783212467	3.6983	0.042365
4.800805296	3.6966	0.041733
4.818715268	3.6951	0.041376
4.836759371	3.6935	0.040858
4.854749041	3.6917	0.03978
4.873064529	3.6905	0.039194
4.891518738	3.6894	0.038601
4.909918828	3.6879	0.037576
4.928653762	3.6871	0.03704
4.947334823	3.6861	0.036572
4.966356937	3.685	0.03584
4.985525893	3.6841	0.035216
5.004641401	3.6832	0.034679
5.024107613	3.6825	0.034174
5.043725849	3.6818	0.033493
5.063291139	3.6809	0.032791
5.083217185	3.68	0.032109
5.103300683	3.6796	0.031222
5.123331818	3.6791	0.030293
5.143734185	3.6785	0.029489
5.164299696	3.6777	0.028859
5.184813514	3.6771	0.028062
5.205709488	3.6763	0.026914
5.226774574	3.6756	0.02589
5.247788734	3.6749	0.024864
5.269196448	3.674	0.023687
5.290779537	3.6734	0.022642
5.31231257	3.673	0.021796
5.334251054	3.6722	0.020746
5.35637149	3.6716	0.019359
5.378442854	3.671	0.017957
5.400932096	3.6703	0.016708
5.4236102	3.6694	0.015518
5.446240337	3.6686	0.014184
5.469301341	3.6681	0.012757
5.492558469	3.6673	0.011704
5.515768871	3.6664	0.010914
5.539423721	3.6655	0.0097891
5.563282337	3.6646	0.008047
5.587095611	3.6636	0.0059926
5.611367545	3.6625	0.0045528
5.635851286	3.6613	0.0031976
5.660291231	3.66	0.00155
5.685204713	3.6589	0.00018504
5.710338476	3.6583	0
5.735430157	3.6575	0
5.761010965	3.656	0
5.786820982	3.6546	0
5.812590822	3.6537	0
5.83886613	3.652	0
5.865380067	3.6506	0
5.891855935	3.6496	0
5.918854415	3.6485	0
5.946101467	3.6471	0
5.97331278	3.6455	0
6.001064705	3.644	0
6.029075704	3.6427	0
6.057053537	3.6412	0
6.085590891	3.6392	0
6.114398422	3.6373	0
6.143175625	3.6357	0
6.172532232	3.6343	0
6.20217076	3.6326	0
6.231782089	3.6309	0
6.261993738	3.629	0
6.292499746	3.627	0
6.322982	3.6252	0
6.3540866	3.6236	0
6.385498738	3.6222	0
6.416890913	3.62	0
6.448928646	3.6175	0
6.481287895	3.6157	0
6.513631349	3.6135	0
6.546644845	3.6114	0
6.579994694	3.6094	0
6.613333333	3.6071	0
6.647367857	3.6045	0
6.681754499	3.6021	0
6.716134973	3.5997	0
6.751238635	3.5974	0
6.786711182	3.5952	0
6.822183099	3.5928	0
6.85840708	3.5905	0
6.894634418	3.5879	0
6.931633965	3.5851	0
6.969032766	3.5826	0
7.006441406	3.5802	0
7.044654017	3.5769	0
7.083285731	3.5725	0
7.121934409	3.5685	0
7.161420733	3.5655	0
7.201347349	3.5635	0
7.241298762	3.5627	0
7.282123561	3.5632	0
7.323411292	3.5641	0
7.364732435	3.563	0
7.406964936	3.5599	0
7.44968459	3.5564	0
7.49244713	3.5526	0
7.53616142	3.5488	0
7.580388801	3.545	0
7.624669495	3.5418	0
7.66994495	3.5392	0
7.715761309	3.5365	0
