InAs (from Palik)	
um
nk
0.04959	1.139	0.168
0.04959	1.139	0.168
0.05166	1.135	0.195
0.05166	1.135	0.195
0.05391	1.135	0.207
0.05391	1.135	0.207
0.05636	1.133	0.215
0.05636	1.133	0.215
0.05904	1.131	0.222
0.05904	1.131	0.222
0.06199	1.125	0.225
0.06199	1.125	0.225
0.06358	1.12	0.224
0.06358	1.12	0.224
0.06702	1.11	0.215
0.06702	1.11	0.215
0.07085	1.047	0.189
0.07085	1.047	0.189
0.07749	0.948	0.272
0.07749	0.948	0.272
0.08266	0.894	0.336
0.08266	0.894	0.336
0.08856	0.829	0.426
0.08856	0.829	0.426
0.09537	0.766	0.563
0.09537	0.766	0.563
0.1033	0.745	0.727
0.1033	0.745	0.727
0.1078	0.751	0.83
0.1078	0.751	0.83
0.1127	0.775	0.905
0.1127	0.775	0.905
0.124	0.835	1.071
0.124	0.835	1.071
0.1362	0.89	1.26
0.1362	0.89	1.26
0.1531	0.967	1.552
0.1531	0.967	1.552
0.1722	1.184	1.889
0.1722	1.184	1.889
0.1797	1.332	1.998
0.1797	1.332	1.998
0.1879	1.483	2.02
0.1879	1.483	2.02
0.1953	1.583	2.12
0.1953	1.583	2.12
0.2066	1.434	2.112
0.2087	1.401	2.085
0.2101	1.383	2.084
0.2123	1.35	2.089
0.2138	1.333	2.102
0.216	1.306	2.135
0.2175	1.293	2.163
0.2198	1.281	2.212
0.2214	1.276	2.248
0.2238	1.277	2.304
0.2254	1.282	2.344
0.2254	1.765	2.202
0.2254	1.765	2.202
0.2279	1.297	2.407
0.2296	1.312	2.449
0.2322	1.341	2.514
0.2339	1.366	2.555
0.2366	1.408	2.612
0.2384	1.436	2.646
0.2412	1.469	2.694
0.2431	1.484	2.732
0.246	1.505	2.807
0.248	1.524	2.871
0.249	1.535	2.907
0.25	1.55	2.946
0.251	1.566	2.988
0.252	1.586	3.034
0.253	1.608	3.081
0.2541	1.635	3.129
0.2551	1.668	3.182
0.2562	1.705	3.236
0.2572	1.751	3.291
0.2583	1.803	3.348
0.2594	1.866	3.404
0.2605	1.938	3.456
0.2616	2.019	3.504
0.2627	2.108	3.545
0.2638	2.204	3.575
0.2649	2.305	3.595
0.2661	2.407	3.604
0.2672	2.51	3.604
0.2684	2.609	3.596
0.2695	2.705	3.581
0.2707	2.799	3.564
0.2719	2.894	3.543
0.2731	2.99	3.519
0.2743	3.091	3.487
0.2755	3.194	3.445
0.2768	3.298	3.389
0.278	3.399	3.32
0.2792	3.49	3.239
0.2805	3.573	3.146
0.2818	3.644	3.042
0.2831	3.701	2.931
0.2844	3.742	2.814
0.2857	3.765	2.697
0.287	3.77	2.584
0.2883	3.761	2.478
0.2897	3.742	2.382
0.291	3.715	2.297
0.2924	3.684	2.222
0.2938	3.65	2.156
0.2952	3.615	2.099
0.2966	3.58	2.049
0.298	3.545	2.005
0.2995	3.512	1.967
0.3009	3.48	1.933
0.3024	3.449	1.903
0.3039	3.419	1.877
0.3054	3.391	1.854
0.3069	3.364	1.833
0.3084	3.338	1.815
0.31	3.313	1.799
0.3147	3.246	1.761
0.3179	3.208	1.743
0.3229	3.158	1.726
0.3263	3.129	1.719
0.3315	3.091	1.714
0.3351	3.069	1.715
0.3406	3.044	1.721
0.3444	3.03	1.728
0.3502	3.015	1.742
0.3542	3.008	1.754
0.3604	3.003	1.774
0.3647	3.004	1.79
0.3712	3.01	1.817
0.3757	3.018	1.836
0.3827	3.035	1.868
0.3875	3.051	1.891
0.3949	3.083	1.929
0.4	3.108	1.957
0.4078	3.157	2.001
0.4133	3.197	2.034
0.4161	3.22	2.051
0.4189	3.244	2.069
0.4217	3.272	2.088
0.4246	3.302	2.108
0.4275	3.337	2.129
0.4305	3.377	2.151
0.4335	3.425	2.174
0.4366	3.482	2.194
0.4397	3.55	2.207
0.4428	3.626	2.208
0.446	3.705	2.189
0.4492	3.776	2.153
0.4525	3.834	2.108
0.4558	3.878	2.06
0.4592	3.911	2.016
0.4626	3.935	1.977
0.4661	3.956	1.943
0.4696	3.976	1.917
0.4732	3.996	1.898
0.4769	4.021	1.885
0.4806	4.052	1.881
0.4843	4.098	1.882
0.4881	4.168	1.879
0.492	4.265	1.855
0.4959	4.364	1.786
0.4999	4.437	1.686
0.504	4.476	1.575
0.5081	4.489	1.466
0.5123	4.484	1.368
0.5166	4.466	1.283
0.5209	4.443	1.209
0.5254	4.417	1.144
0.5299	4.389	1.086
0.5344	4.36	1.035
0.5391	4.331	0.991
0.5438	4.303	0.951
0.5486	4.276	0.914
0.5535	4.249	0.88
0.5585	4.224	0.85
0.5636	4.199	0.822
0.5687	4.176	0.794
0.574	4.153	0.771
0.5794	4.131	0.75
0.5848	4.109	0.73
0.5904	4.088	0.712
0.5961	4.068	0.694
0.6019	4.05	0.677
0.6078	4.031	0.661
0.6138	4.012	0.648
0.6199	3.995	0.634
0.6262	3.979	0.619
0.6326	3.962	0.606
0.6391	3.947	0.594
0.6458	3.932	0.582
0.6526	3.917	0.572
0.6595	3.902	0.564
0.6666	3.889	0.554
0.6738	3.875	0.547
0.6812	3.862	0.539
0.6888	3.851	0.53
0.6965	3.839	0.523
0.7045	3.828	0.515
0.7126	3.817	0.508
0.7208	3.807	0.5
0.7293	3.798	0.493
0.738	3.788	0.486
0.7469	3.78	0.478
0.756	3.77	0.475
0.7653	3.761	0.473
0.7749	3.755	0.463
0.7847	3.746	0.457
0.7948	3.735	0.458
0.8051	3.729	0.448
0.8157	3.72	0.444
0.8266	3.714	0.432
0.8856	3.696	0.392
1.033	3.613	0.352
1.24	3.548	0.312
1.378	3.516	0.272
1.459	3.522133333	0.232
1.55	3.528266667	0.21
1.653	3.5344	0.191
1.771	3.540533333	0.183
1.907	3.546666667	0.167
2.066	3.5528	0.161
2.254	3.558933333	0.149
2.48	3.565066667	0.136
2.755	3.5712	0.12
3.1	3.577333333	0.0962
3.351	3.583466667	0.064
3.397	3.5896	0.0513
3.444	3.595733333	0.037
3.493	3.601866667	0.0217
3.542	3.608	0.00958
3.647	3.556	0.00229
3.757	3.53	0.000508
3.875	3.512	0.000123
4	3.499	0.0
4.133	3.488	0.0
4.275	3.478	0.0
4.428	3.47	0.0
4.592	3.463	0.0
4.769	3.457	0.0
4.959	3.451	0.0
5.166	3.445	0.0
5.391	3.441	0.0
5.636	3.436	0.0
5.904	3.432	0.0
6.199	3.427	0.0
6.526	3.423	0.0
6.888	3.42	0.0
7.293	3.416	0.0
7.749	3.412	0.0
8.266	3.408	0.0
8.856	3.404	0.0
9.537	3.4	0.0
10	3.402	0.0
10.33	3.394	0.0
11.11	3.398	0.0
11.27	3.388	0.0
12.4	3.381	0.0
12.5	3.391	0.0
13.78	3.372	0.0
14.29	3.381	0.0
15.5	3.358	0.0
16.67	3.365	0.0
17.71	3.338	0.0
20	3.334	0.0
20.66	3.304	0.0
21.98	3.3011	0.00192
22.22	3.2982	0.00336
22.47	3.2953	0.00823
22.73	3.2924	0.00561
22.99	3.2895	0.00585
23.26	3.2866	0.00796
23.53	3.2837	0.00749
23.81	3.2808	0.0072
24.1	3.2779	0.0046
24.39	3.275	0.00388
24.69	3.256	0.00255
24.8	3.237	0.002606667
25	3.264	0.002663333
26.32	3.252285714	0.00272
26.67	3.240571429	0.0034
27.03	3.228857143	0.00473
27.38	3.217142857	0.00654
27.78	3.205428571	0.00707
28.17	3.193714286	0.00673
28.57	3.182	0.00546
28.99	3.1432	0.00507
29.41	3.1044	0.00515
29.85	3.0656	0.00546
30.3	3.0268	0.00338
33.33	2.988	0.00331
33.9	2.95	0.00324
34.48	2.912	0.00494
34.48	3.18	0.04
35.09	3.1	0.06
35.71	2.808	0.0131
35.71	3	0.17
36.36	2.93	0.27
37.04	2.658	0.0545
37.74	2.92	0.4
38.46	2.418	0.0474
38.46	2.73	0.4
38.76	2.352	0.071
39.06	2.277	0.081
39.22	2.37	0.5
39.37	2.19	0.094
39.68	2.089	0.11
40	1.97	0.0637
40.32	1.827	0.16
40.32	1.88	0.97
40.65	1.6	1.1
40.65	1.649	0.21
40.98	1.424	0.28
40.98	1.24	1.44
41.32	0.98	2.02
41.32	1.128	0.41
41.67	0.779	0.71
41.67	0.92	2.77
42.02	1.08	3.5
42.02	0.563	1.19
42.37	0.493	1.67
42.37	1.271	4.2
42.74	2.08	4.87
42.74	0.485	2.14
43.1	0.514	2.62
43.1	2.79	5.17
43.48	3.3	5.36
43.48	0.578	3.15
43.86	0.69	3.76
43.86	3.85	5.6
44.25	4.35	5.83
44.25	0.882	4.5
44.64	1.24	5.45
44.64	4.9	6.12
44.84	5.9	6.53
44.84	1.99	6.76
45.45	3.99	8.44
45.45	7.5	6.4
45.87	8.89	5.05
45.87	8.58	7.87
46.3	9.16	3.53
46.3	9.24	3.5
46.73	9.13	2.4
46.73	8.32	1.63
47.17	7.33	0.92
47.17	9.13	1.53
47.62	8.32	1.04
47.62	6.67	0.6
48.78	5.72	0.27
48.78	7.48	0.48
50	6.91	0.3
50	5.22	0.16
51.28	6.42	0.08
52.63	6.14	0.06
54.05	5.97	0.06
55.56	5.64	0.17
55.56	4.41	0.042
57.14	5.58	0.2
58.82	5.41	0.32
60.61	5.31	0.4
62.5	5.27	0.41
62.5	4.13	0.019
64.52	5.3	0.51
66.67	5.27	0.51
68.97	5.26	0.6
71.43	5.3	0.71
71.43	3.99	0.011
83.33	3.91	0.0066
100	3.85	0.0043
125	3.817	0.0
166.7	3.793	0.0
250	3.778	0.0
500	3.769	0.0
1000	3.766	0.0
